C:\Users\Admin\Desktop\2024 Test Routines\Probe\Production_DefectMatrix.RTN
===============================================================================
Step Feature         X/R Location Y/A Location  Z Location        Size  Refer.  
===============================================================================
   1 Point             +000.00017   -000.00000  -007.41417             
   2 Point             -001.99919   +002.00001  -007.53667             
   3 Point             -001.99954   +001.00009  -007.48117             
   4 Point             -001.99988   +000.00009  -007.47317             
   5 Point             -001.99970   -001.00000  -007.47467             
   6 Point             -001.99946   -001.99992  -007.54667             
   7 Point             -000.99983   +002.00001  -007.47667             
   8 Point             -000.99943   +001.00009  -007.48017             
   9 Point             -000.99958   +000.00000  -007.47267             
  10 Point             -000.99976   -001.00000  -007.46767             
  11 Point             -000.99971   -001.99992  -007.52317             
  12 Point             -000.00022   +002.00000  -007.45117             
  13 Point             +000.00071   +001.00009  -007.47217             
  14 Point             +000.00020   +000.00008  -007.40467             
  15 Point             +000.00021   -001.00000  -007.40717             
  16 Point             +000.00023   -001.99992  -007.36917             
  17 Point             +000.99986   +002.00000  -007.41067             
  18 Point             +001.00054   +001.00009  -007.36667             
  19 Point             +001.00020   +000.00008  -007.35817             
  20 Point             +000.99991   -001.00000  -007.35117             
  21 Point             +001.00031   -001.99992  -007.35867             
  22 Point             +002.00016   +002.00000  -007.31917             
  23 Point             +002.00054   +001.00000  -007.33017             
  24 Point             +002.00000   +000.00008  -007.35617             
  25 Point             +002.00029   -001.00000  -007.35167             
  26 Point             +001.99995   -002.00001  -007.37267             
  27 